linear 0.000 0.062 -0.027
angular 0.010 0.050 -0.110
priAnt -0.0415 0.0784 0.3824
laser 0 -0.090 -0.110
laser 1 -0.090 -0.120
laser 2 -0.100 -0.120
laser 3 -0.100 -0.130
laser 4 -0.100 -0.130
laser 5 -0.080 -0.130
laser 6 -0.080 -0.130
laser 7 -0.080 -0.140
laser 8 -0.090 -0.130
laser 9 -0.090 -0.130
laser 10 -0.090 -0.120
laser 11 -0.080 -0.110
laser 12 -0.090 -0.110
laser 13 -0.090 -0.110
laser 14 -0.090 -0.100
laser 15 -0.100 -0.110
laser 16 -0.100 -0.090
laser 17 -0.090 -0.090
laser 18 -0.090 -0.080
laser 19 -0.090 -0.080
laser 20 -0.100 -0.070
laser 21 -0.090 -0.060
laser 22 -0.100 -0.060
laser 23 -0.100 -0.050
laser 24 -0.110 -0.060
laser 25 -0.110 -0.060
laser 26 -0.110 -0.060
laser 27 -0.110 -0.070
laser 28 -0.120 -0.070
laser 29 -0.110 -0.080
laser 30 -0.110 -0.110
laser 31 -0.110 -0.130
